-0.000000000000000000e+00 -0.000000000000000000e+00 0.000000000000000000e+00 0.000000000000000000e+00
-1.310489999999999988e-01 4.801799999999999957e-01 8.673250000000000126e-01 9.999990000000000236e+02
-8.723450000000000371e-01 -2.691060000000000119e-01 4.081609999999999960e-01 9.999990000000000236e+02
-5.997299999999999853e-01 7.676549999999999763e-01 -2.258979999999999877e-01 1.000000000000000000e+03
-2.560140000000000193e-01 6.810359999999999747e-01 -6.860370000000000079e-01 1.000000000000000000e+03
-2.650600000000000178e-01 -5.070999999999999987e-03 9.642190000000000483e-01 1.000000000000000000e+03
-8.820639999999999592e-01 -4.710340000000000082e-01 9.511000000000000357e-03 1.000000000000000000e+03
-8.570879999999999610e-01 2.560259999999999758e-01 4.470459999999999989e-01 9.999990000000000236e+02
-2.898399999999999865e-01 -5.756829999999999448e-01 -7.645790000000000086e-01 9.999990000000000236e+02
-3.989150000000000196e-01 9.048070000000000279e-01 1.489679999999999893e-01 1.000000000000000000e+03
-8.048889999999999656e-01 5.769210000000000171e-01 1.389809999999999934e-01 1.000000000000000000e+03
-4.548679999999999946e-01 -4.408719999999999861e-01 7.737749999999999906e-01 1.000000000000000000e+03
-1.660189999999999999e-01 -1.330149999999999944e-01 -9.771100000000000341e-01 9.999990000000000236e+02
-1.779669999999999863e-01 -7.568580000000000307e-01 6.288820000000000521e-01 9.999990000000000236e+02
-6.317869999999999875e-01 -6.597779999999999756e-01 4.068629999999999747e-01 9.999990000000000236e+02
-1.809439999999999937e-01 9.347090000000000121e-01 -3.059049999999999825e-01 1.000000000000000000e+03
-7.827279999999999793e-01 1.029640000000000000e-01 -6.137869999999999715e-01 9.999990000000000236e+02
-6.751570000000000071e-01 -7.181700000000000583e-02 7.341699999999999893e-01 1.000000000000000000e+03
-4.122270000000000101e-01 2.341290000000000038e-01 -8.804840000000000444e-01 1.000000000000000000e+03
-5.937480000000000535e-01 -8.026600000000000401e-01 -5.657600000000000129e-02 1.000000000000000000e+03
-6.378460000000000241e-01 5.158749999999999725e-01 -5.718619999999999814e-01 1.000000000000000000e+03
-5.418079999999999563e-01 6.727619999999999711e-01 5.038209999999999633e-01 1.000000000000000000e+03
-2.850050000000000083e-01 -9.290180000000000105e-01 2.360039999999999916e-01 1.000000000000000000e+03
-1.119929999999999953e-01 8.229499999999999593e-01 5.569659999999999611e-01 1.000000000000000000e+03
-9.308009999999999895e-01 -1.749630000000000074e-01 -3.209310000000000218e-01 9.999990000000000236e+02
-3.601300000000000334e-02 -9.913699999999999735e-01 -1.260469999999999924e-01 9.999990000000000236e+02
-1.380400000000000030e-02 -3.791030000000000233e-01 9.252510000000000456e-01 9.999990000000000236e+02
-9.114109999999999712e-01 3.431549999999999878e-01 -2.271019999999999983e-01 1.000000000000000000e+03
-7.008060000000000400e-01 -5.478480000000000016e-01 -4.568729999999999736e-01 9.999990000000000236e+02
-5.790920000000000512e-01 -2.400380000000000014e-01 -7.791240000000000387e-01 1.000000000000000000e+03
-3.371750000000000025e-01 -8.444390000000000507e-01 -4.162159999999999749e-01 1.000000000000000000e+03
-9.959510000000000307e-01 3.229800000000000032e-02 8.389599999999999835e-02 1.000000000000000000e+03
-5.301700000000000301e-01 3.411100000000000243e-01 7.762499999999999956e-01 1.000000000000000000e+03
